17.4461445551748
20.1063254417515
20.567289559417
21.5271413504528
15.5716589377592
22.934506473439
21.6826757779217
17.9460459497817
17.6572759029033
19.9014212034375
19.2172675216938
21.2665861362749
16.6696143677278
21.1215223461693
25.3249431522951
20.489995512318
17.0000354262018
19.0126958076728
16.4482002286975
21.2410021838706
18.3532625606657
20.6959077696307
18.5004925870065
22.3202963919693
18.2952435703863
16.4834645375008
13.3495366431488
21.3474003847813
17.6074792595511
21.8522131750504
23.0558712052671
20.9678701013355
14.0543630875504
18.844806843685
20.0365980960211
18.8572018397573
21.213633275529
19.6068711639443
16.920437667229
21.2959633668339
19.1758514868563
13.4171930882716
17.6096677488293
21.6892275679952
18.7753605112962
21.2693109273714
14.8058776443465
16.3143109483099
15.166667670833
16.8657655929551
15.1359784581447
18.206668372433
16.3401748914258
20.7804083513943
22.3175035733571
23.186299135057
20.6057021979259
17.8069146045217
15.2182258259709
21.0230182654842
22.8345789194443
20.7621646614093
18.6563856638072
19.882597956868
21.6585530900903
19.5482853552896
19.672085689076
27.4136318318577
16.9085498978078
14.6930315619595
23.6051765475413
19.2958722675357
21.5918500650667
17.0910077447359
15.0829535927425
18.5799271966636
14.6984390579758
21.0060098170044
17.3885795734834
18.6009369513914
17.0969519027959
17.8697469460238
15.332701106462
18.5922259690888
21.0921987023015
23.1455461111353
17.8869599890796
20.2315256855515
22.9755599049846
18.9657247512056
17.704925340781
22.639812227928
20.8300974576946
17.8345474363789
19.9206933786819
16.6987797346048
17.5231822874829
19.1428105718238
23.0105679630624
19.1758249917915
