38.6065452668424
41.8037232410393
32.1385249649193
40.2012960493417
37.6781974796584
39.6599203450264
40.588755848305
39.9678520151946
32.8040991958881
40.7889780661412
34.5240129621572
41.6026186030101
38.567318302441
39.6091515193537
33.0804741637758
36.1447702160393
37.4934417896719
37.0814343818879
36.9691308266218
46.6461638795451
42.2359532331699
40.1287932025863
40.8249639136363
33.4305103451704
36.0738686732357
43.0881584228623
43.461227106136
36.7207155798276
38.2743325390546
27.0645594552319
37.5342511447508
43.3776620218755
42.2885027952857
40.5446500694031
43.6846357767203
35.1094113898344
42.3911463742617
39.2866463623242
30.6408770657202
39.6274083780034
33.5249743986126
41.2228728779093
33.8374777035809
38.1146253786909
38.0589039738101
36.7750223214498
39.5709930294475
35.6592624552916
31.7764703802687
39.3200826630993
41.9382935137448
41.9685893255557
44.1036251755258
41.2813876642196
35.2877991311015
39.4251510794358
42.9776051083314
42.6335280274147
37.175105651682
38.2536883163434
32.7164050405295
36.7852213077435
39.9387828075556
41.1663307512811
33.3405177274693
31.8613360213906
41.2552491456795
37.8031494164784
39.1987955946056
39.8293553383119
44.6451611960938
32.456084782791
37.5203733027012
37.8663634386049
38.2269844286365
38.4779227349052
38.2924951115591
42.512016435208
36.6558424029863
39.2413097714766
42.6442709833198
42.6319563720734
39.6167071984552
40.8873969981633
35.2404319111876
33.9349851897187
39.3257916948551
44.1407323008318
42.3717661167347
41.8265256460884
41.9513002111036
37.1290012942303
46.0485274661043
38.2210314203197
42.1160049318064
47.0199852803045
44.8143058669904
39.4610648653125
39.209982292389
36.2484819179467
