22.7602367122887
25.1750687925819
21.3305638134011
15.4544916789834
26.4847535762089
19.178160981315
21.6036229530227
16.903304638284
12.1948939971389
23.6626618992513
27.4868683884466
22.1111052105055
27.395917181663
16.1797849181885
28.3887282764616
18.9398745931651
22.2191482051479
29.9757443538222
26.5420514375222
16.7199329603814
29.8135838881003
21.127877377638
19.1439301813341
18.2108353142909
17.8904171160951
15.52933036662
16.7668124851182
13.2375553102676
16.1523004401126
17.5108287648286
25.7371828952149
22.660799257212
15.6698628017372
15.6499162149158
24.7926582646477
30.310443088758
27.4623206026354
15.762945803714
26.0910072758942
16.7168265624798
34.4250722875393
20.6126359408584
26.02660789269
28.5540163137057
14.9055072883741
22.6235602509572
11.601111808428
30.2909058143766
30.7044180090552
19.002868708582
32.0485452849522
25.913108323301
17.5998300210119
17.8066197048871
26.6659724533118
34.6706752271235
22.9507543369048
19.7778046967075
17.2985822159242
14.3471359065446
33.6165943309762
21.3955318631033
16.0446971220163
28.0510568245965
23.0346711779392
27.1490969239259
12.3588015584801
20.7944437534198
24.247325024821
17.6766246010832
28.9802327810865
32.1649653606174
15.5228321810248
19.9526762123495
14.1647894325284
23.8916588949061
23.3734278709285
18.2799752110547
26.1549895268838
33.1643787709802
22.8702234418957
8.26098703160433
13.8904608143202
18.0476069825513
10.694233851091
18.938667420896
20.6298642868591
28.702952803321
14.4498896267561
24.2233716545422
25.489141067678
18.2061484098908
22.2646548404673
20.4368554315918
26.9718842435934
16.1346308628259
25.2086957619372
24.4646051829445
16.2279357050996
21.6075734388253
