49.7865297081301
40.6498239443014
42.3652509590681
43.0110571228899
40.3054437647575
45.7562052176243
42.9184665586724
43.1044574391566
42.3091197383186
49.0896263926038
45.306069203195
45.2652885376514
31.1753159806808
42.7970341170468
40.3320260746697
42.2289971561552
39.0052959920836
35.8144446241331
47.547132486559
44.0733961051321
42.8585328155893
44.2322221003755
43.8901684126753
40.3309174840772
46.670009893547
43.483053815746
46.6739515916948
42.2492850017891
46.2914036907346
42.4511306858177
40.5615328503523
39.1454329970032
46.8516269661395
40.3647873307477
42.52828103075
46.596564202844
42.1871357115667
48.833227046765
42.581937309807
43.4458198178114
45.2273665429541
40.1083460012381
48.877542532121
44.3047906635621
40.1494841564782
44.5713899196368
41.0584959336659
42.4171349020927
35.6209521580592
38.4187970446296
43.8774765461476
41.4561634923809
41.1381691090077
37.9933549760348
41.2983482698634
41.3071397601074
38.5929367198011
40.1008431396403
43.0157423765719
39.6640739543663
39.4353761367947
41.711090633959
45.2090926119237
47.9635366613728
45.041359153098
43.8438900982138
37.2701526629398
41.9458659422746
46.3619615178499
44.0698676281627
44.260056344717
46.1033607910324
44.7996497067045
46.3007248422554
42.4838062927762
39.2885046961605
41.2363878378967
41.6538795125396
42.8541377343309
42.0729530944904
47.9430997703482
47.5584577909337
40.7951817692858
34.0037627570979
41.7296459245375
42.7442909985572
47.1317576034642
46.600138544896
47.679225769333
42.052803675879
42.3313580920416
52.7839389286376
41.2054246480279
36.5504647847621
43.7775742552117
38.1489461170933
44.8457143923649
40.4089367260698
44.5907213896053
43.3620148720845
